A = [10 14 1; 8 10 7; 0 7 4]
A =

   10   14    1
    8   10    7
    0    7    4
	
D = det(A)
D = -482